1.267550000000000000e+05
1.173330000000000000e+05
1.067850000000000000e+05
8.933900000000000000e+04
7.373100000000000000e+04
5.660800000000000000e+04
4.471500000000000000e+04
3.483900000000000000e+04
2.421900000000000000e+04
2.135900000000000000e+04
1.965900000000000000e+04
1.952100000000000000e+04
1.602300000000000000e+04
1.467900000000000000e+04
1.556800000000000000e+04
1.309700000000000000e+04
1.294600000000000000e+04
1.237900000000000000e+04
1.264300000000000000e+04
1.257000000000000000e+04
1.179900000000000000e+04
1.280100000000000000e+04
1.248500000000000000e+04
1.359200000000000000e+04
1.413200000000000000e+04
