1.379880000000000000e+05
1.322960000000000000e+05
1.205220000000000000e+05
1.001570000000000000e+05
8.159100000000000000e+04
6.503400000000000000e+04
5.846600000000000000e+04
4.816800000000000000e+04
3.207200000000000000e+04
2.723600000000000000e+04
2.280200000000000000e+04
2.217600000000000000e+04
1.728100000000000000e+04
1.411900000000000000e+04
1.364400000000000000e+04
1.201000000000000000e+04
1.067300000000000000e+04
1.042900000000000000e+04
9.342000000000000000e+03
9.750000000000000000e+03
9.171000000000000000e+03
9.276000000000000000e+03
9.019000000000000000e+03
1.028400000000000000e+04
1.091000000000000000e+04
