9.771670000000000000e+05
9.148170000000000000e+05
8.397920000000000000e+05
7.099980000000000000e+05
5.922080000000000000e+05
4.574730000000000000e+05
3.612360000000000000e+05
2.811920000000000000e+05
1.942790000000000000e+05
1.700960000000000000e+05
1.559100000000000000e+05
1.546380000000000000e+05
1.255300000000000000e+05
1.150050000000000000e+05
1.212560000000000000e+05
1.015710000000000000e+05
1.000240000000000000e+05
9.546700000000000000e+04
9.723400000000000000e+04
9.660000000000000000e+04
9.040900000000000000e+04
9.832000000000000000e+04
9.536100000000000000e+04
1.040350000000000000e+05
1.080640000000000000e+05
