1.050961000000000000e+06
1.013717000000000000e+06
9.316140000000000000e+05
7.899140000000000000e+05
6.563560000000000000e+05
5.304690000000000000e+05
4.733620000000000000e+05
3.891750000000000000e+05
2.582070000000000000e+05
2.192760000000000000e+05
1.826190000000000000e+05
1.766680000000000000e+05
1.375710000000000000e+05
1.121700000000000000e+05
1.078330000000000000e+05
9.486700000000000000e+04
8.428500000000000000e+04
8.248400000000000000e+04
7.341800000000000000e+04
7.585800000000000000e+04
7.185700000000000000e+04
7.210800000000000000e+04
7.024700000000000000e+04
7.927500000000000000e+04
8.439900000000000000e+04
