1.923900000000000000e+04
1.780900000000000000e+04
1.620800000000000000e+04
1.356000000000000000e+04
1.119100000000000000e+04
8.592000000000000000e+03
6.787000000000000000e+03
5.288000000000000000e+03
3.676000000000000000e+03
3.242000000000000000e+03
2.984000000000000000e+03
2.963000000000000000e+03
2.432000000000000000e+03
2.228000000000000000e+03
2.363000000000000000e+03
1.988000000000000000e+03
1.965000000000000000e+03
1.879000000000000000e+03
1.919000000000000000e+03
1.908000000000000000e+03
1.791000000000000000e+03
1.943000000000000000e+03
1.895000000000000000e+03
2.063000000000000000e+03
2.145000000000000000e+03
