2.094400000000000000e+04
2.008000000000000000e+04
1.829300000000000000e+04
1.520200000000000000e+04
1.238400000000000000e+04
9.871000000000000000e+03
8.874000000000000000e+03
7.311000000000000000e+03
4.868000000000000000e+03
4.134000000000000000e+03
3.461000000000000000e+03
3.366000000000000000e+03
2.623000000000000000e+03
2.143000000000000000e+03
2.071000000000000000e+03
1.823000000000000000e+03
1.620000000000000000e+03
1.583000000000000000e+03
1.418000000000000000e+03
1.480000000000000000e+03
1.392000000000000000e+03
1.408000000000000000e+03
1.369000000000000000e+03
1.561000000000000000e+03
1.656000000000000000e+03
